{
 "cells": [
  {
   "cell_type": "code",
   "execution_count": 1,
   "metadata": {},
   "outputs": [],
   "source": [
    "import csv\n",
    "import pandas as pd\n",
    "from clarke_wright import clarke_wright\n",
    "from clarke_wright import vehicle\n",
    "from clarke_wright import customer\n",
    "from clarke_wright import calculate_cost"
   ]
  },
  {
   "cell_type": "code",
   "execution_count": 2,
   "metadata": {},
   "outputs": [],
   "source": [
    "# REAL INSTANCES\n",
    "\n",
    "# Initialize an empty list to store each row as a dictionary\n",
    "data = []\n",
    "\n",
    "# Read the CSV file\n",
    "with open('instances.csv', mode='r') as file:\n",
    "    csv_reader = csv.DictReader(file)\n",
    "    for row in csv_reader:\n",
    "        # Convert necessary fields from strings to actual data types\n",
    "        row['q'] = eval(row['q'])\n",
    "        row['e'] = eval(row['e'])\n",
    "        row['s'] = eval(row['s'])\n",
    "        row['l'] = eval(row['l'])\n",
    "        row['d'] = eval(row['d'])\n",
    "        row['t'] = eval(row['t'])\n",
    "        row['a'] = eval(row['a'])\n",
    "        row['cf'] = eval(row['cf'])\n",
    "        row['R'] = eval(row['R'])\n",
    "        \n",
    "        # Append the row dictionary to the data list\n",
    "        data.append(row)"
   ]
  },
  {
   "cell_type": "code",
   "execution_count": 3,
   "metadata": {},
   "outputs": [],
   "source": [
    "# OPTIMUM VALUES\n",
    "\n",
    "# Initialize an empty list to store each row as a dictionary\n",
    "optimum_data = []\n",
    "\n",
    "# Read the CSV file\n",
    "with open('optimum.csv', mode='r') as file:\n",
    "    csv_reader = csv.DictReader(file)\n",
    "    for row in csv_reader:\n",
    "        row['optimum_cost'] = float(row['optimum_cost'])\n",
    "        row['true_cost'] = float(row['true_cost'])\n",
    "        # Append the row dictionary to the data list\n",
    "        optimum_data.append(row)"
   ]
  },
  {
   "cell_type": "code",
   "execution_count": 4,
   "metadata": {},
   "outputs": [],
   "source": [
    "columns = ['Cost', 'Optimum Cost', 'Gap %']\n",
    "df = pd.DataFrame(columns=columns)"
   ]
  },
  {
   "cell_type": "code",
   "execution_count": 5,
   "metadata": {},
   "outputs": [],
   "source": [
    "def check_routing(routes, n):\n",
    "    # Input: list of routes and number of customers\n",
    "    # Output: whether all customers belong to at least one route\n",
    "\n",
    "    routed = []\n",
    "    for k in routes:\n",
    "        route = k[0]\n",
    "        for j in route:\n",
    "            if not j in routed: routed.append(j)\n",
    "    print(routed)\n",
    "    if len(routed) < n + 1:    # The depot must be taken into account\n",
    "        return False\n",
    "    return True"
   ]
  },
  {
   "cell_type": "code",
   "execution_count": 6,
   "metadata": {},
   "outputs": [
    {
     "name": "stdout",
     "output_type": "stream",
     "text": [
      "[0, 2, 3, 1]\n"
     ]
    },
    {
     "data": {
      "text/plain": [
       "False"
      ]
     },
     "execution_count": 6,
     "metadata": {},
     "output_type": "execute_result"
    }
   ],
   "source": [
    "check_routing([[[0,2,3,0],0],[[0,1,0],1]], 4)"
   ]
  },
  {
   "cell_type": "code",
   "execution_count": 7,
   "metadata": {},
   "outputs": [
    {
     "name": "stdout",
     "output_type": "stream",
     "text": [
      "5 2 [0, 14, 1.2, 2, 0.4, 10] [8.0, 8.0, 8.0, 8.0, 8.0, 8.0] [0, 1.5, 1.5, 1.5, 1.5, 1.5] [18.0, 18.0, 18.0, 18.0, 18.0, 18.0] [[0, 106, 116, 47, 57, 58], [106, 0, 21, 117, 127, 127], [116, 21, 0, 119, 128, 128], [47, 117, 119, 0, 11, 12], [57, 127, 128, 11, 0, 2], [58, 127, 128, 12, 2, 0]] [[0, 2.65, 2.9, 1.18, 1.43, 1.45], [2.65, 0, 0.53, 2.93, 3.18, 3.18], [2.9, 0.53, 0, 2.98, 3.2, 3.2], [1.18, 2.93, 2.98, 0, 0.28, 0.3], [1.43, 3.18, 3.2, 0.28, 0, 0.05], [1.45, 3.18, 3.2, 0.3, 0.05, 0]] [16.01, 22.02] [3.13, 2.57] [[1, 1, 1, 1, 1], [1, 1, 0, 0, 1]]\n",
      "final routes = ([[[0, 3, 4, 5, 0], 0], [[0, 2, 1, 0], 1]], [[0.0, 0.0, 0.0, 1.0, 1.0, 1.0], [0.0, 1.0, 1.0, 0.0, 0.0, 0.0]])\n",
      "Cost = 993.85, Optimum Cost = 994.0, Gap %% = -0.02%%, Routes = [[[0, 3, 4, 5, 0], 0], [[0, 2, 1, 0], 1]], f = [[0.0, 0.0, 0.0, 1.0, 1.0, 1.0], [0.0, 1.0, 1.0, 0.0, 0.0, 0.0]]\n",
      "[0, 3, 4, 5, 2, 1]\n",
      "True\n",
      "\n",
      "5 3 [0, 14, 7.56, 0.8, 2, 6.78] [8.0, 8.0, 8.0, 8.0, 8.0, 8.0] [0, 1.5, 1.5, 1.5, 1.5, 1.5] [18.0, 18.0, 18.0, 18.0, 18.0, 18.0] [[0, 35, 106, 116, 54, 57], [35, 0, 72, 81, 50, 55], [106, 72, 0, 21, 108, 113], [116, 81, 21, 0, 108, 113], [54, 50, 108, 108, 0, 6], [57, 55, 113, 113, 6, 0]] [[0, 0.88, 2.65, 2.9, 1.35, 1.43], [0.88, 0, 1.8, 2.03, 1.25, 1.38], [2.65, 1.8, 0, 0.53, 2.7, 2.83], [2.9, 2.03, 0.53, 0, 2.7, 2.83], [1.35, 1.25, 2.7, 2.7, 0, 0.15], [1.43, 1.38, 2.83, 2.83, 0.15, 0]] [14.01, 14.02, 22.03] [4.54, 4.54, 2.57] [[1, 1, 1, 1, 1], [1, 1, 1, 1, 1], [1, 1, 1, 1, 1]]\n",
      "final routes = ([[[0, 1, 3, 2, 0], 0], [[0, 4, 1, 0], 1], [[0, 5, 0], 2]], [[0.0, 0.4035714285714286, 1.0, 1.0, 0.0, 0.0], [0.0, 0.5964285714285714, 0.0, 0.0, 1.0, 0.0], [0.0, 0.0, 0.0, 0.0, 0.0, 1.0]])\n",
      "Cost = 2027.2600000000002, Optimum Cost = 1296.4, Gap %% = 56.38%%, Routes = [[[0, 1, 3, 2, 0], 0], [[0, 4, 1, 0], 1], [[0, 5, 0], 2]], f = [[0.0, 0.4035714285714286, 1.0, 1.0, 0.0, 0.0], [0.0, 0.5964285714285714, 0.0, 0.0, 1.0, 0.0], [0.0, 0.0, 0.0, 0.0, 0.0, 1.0]]\n",
      "[0, 1, 3, 2, 4, 5]\n",
      "True\n",
      "\n",
      "5 1 [0, 1, 2, 1.2, 2, 6] [8.0, 8.0, 8.0, 8.0, 8.0, 8.0] [0, 1.5, 1.5, 1.5, 1.5, 1.5] [18.0, 18.0, 18.0, 18.0, 18.0, 18.0] [[0, 28, 22, 16, 16, 12], [28, 0, 6, 12, 13, 17], [22, 6, 0, 6, 8, 12], [16, 12, 6, 0, 2, 6], [16, 13, 8, 2, 0, 4], [12, 17, 12, 6, 4, 0]] [[0, 0.7, 0.55, 0.4, 0.4, 0.3], [0.7, 0, 0.15, 0.3, 0.33, 0.43], [0.55, 0.15, 0, 0.15, 0.2, 0.3], [0.4, 0.3, 0.15, 0, 0.05, 0.15], [0.4, 0.33, 0.2, 0.05, 0, 0.1], [0.3, 0.43, 0.3, 0.15, 0.1, 0]] [16.01] [3.13] [[1, 1, 1, 1, 1]]\n",
      "final routes = ([[[0, 3, 1, 2, 4, 5, 0], 0]], [[0.0, 1.0, 1.0, 1.0, 1.0, 1.0]])\n",
      "Cost = 181.54000000000002, Optimum Cost = 178.4, Gap %% = 1.76%%, Routes = [[[0, 3, 1, 2, 4, 5, 0], 0]], f = [[0.0, 1.0, 1.0, 1.0, 1.0, 1.0]]\n",
      "[0, 3, 1, 2, 4, 5]\n",
      "True\n",
      "\n",
      "5 2 [0, 12.4, 0.8, 2, 2, 2] [8.0, 8.0, 8.0, 8.0, 8.0, 8.0] [0, 1.5, 1.5, 1.5, 1.5, 1.5] [18.0, 18.0, 18.0, 18.0, 18.0, 18.0] [[0, 41, 48, 35, 23, 39], [41, 0, 30, 38, 52, 51], [48, 30, 0, 19, 44, 31], [35, 38, 19, 0, 25, 13], [23, 52, 44, 25, 0, 21], [39, 51, 31, 13, 21, 0]] [[0, 1.03, 1.2, 0.88, 0.58, 0.98], [1.03, 0, 0.75, 0.95, 1.3, 1.28], [1.2, 0.75, 0, 0.48, 1.1, 0.78], [0.88, 0.95, 0.48, 0, 0.63, 0.33], [0.58, 1.3, 1.1, 0.63, 0, 0.53], [0.98, 1.28, 0.78, 0.33, 0.53, 0]] [14.01, 14.02] [4.54, 4.54] [[1, 1, 1, 1, 1], [1, 0, 1, 0, 1]]\n",
      "final routes = ([[[0, 4, 2, 1, 0], 0], [[0, 3, 5, 0], 1]], [[0.0, 1.0, 1.0, 0.0, 0.40499999999999936, 0.0], [0.0, 0.0, 0.0, 1.0, 0.0, 1.0]])\n",
      "Cost = 1021.5, Optimum Cost = 935.2, Gap %% = 9.23%%, Routes = [[[0, 4, 2, 1, 0], 0], [[0, 3, 5, 0], 1]], f = [[0.0, 1.0, 1.0, 0.0, 0.40499999999999936, 0.0], [0.0, 0.0, 0.0, 1.0, 0.0, 1.0]]\n",
      "[0, 4, 2, 1, 3, 5]\n",
      "True\n",
      "\n",
      "5 4 [0, 12.4, 0.8, 13.78, 14, 14] [8.0, 8.0, 8.0, 8.0, 8.0, 8.0] [0, 1.5, 1.5, 1.5, 1.5, 1.5] [18.0, 18.0, 18.0, 18.0, 18.0, 18.0] [[0, 41, 48, 82, 74, 34], [41, 0, 30, 59, 43, 32], [48, 30, 0, 89, 71, 58], [82, 59, 89, 0, 21, 49], [74, 43, 71, 21, 0, 44], [34, 32, 58, 49, 44, 0]] [[0, 1.03, 1.2, 2.05, 1.85, 0.85], [1.03, 0, 0.75, 1.48, 1.08, 0.8], [1.2, 0.75, 0, 2.23, 1.78, 1.45], [2.05, 1.48, 2.23, 0, 0.53, 1.23], [1.85, 1.08, 1.78, 0.53, 0, 1.1], [0.85, 0.8, 1.45, 1.23, 1.1, 0]] [14.01, 14.02, 14.03, 22.04] [4.54, 4.54, 4.54, 2.57] [[1, 1, 1, 1, 1], [1, 1, 1, 1, 1], [1, 0, 1, 1, 1], [1, 1, 1, 1, 1]]\n",
      "final routes = ([[[0, 2, 5, 0], 0], [[0, 1, 5, 0], 1], [[0, 3, 5, 0], 2], [[0, 4, 5, 0], 3]], [[0.0, 0.0, 1.0, 0.0, 0.0, 0.29214285714285715], [0.0, 1.0, 0.0, 0.0, 0.0, 0.11571428571428578], [0.0, 0.0, 0.0, 1.0, 0.0, 0.01785714285714273], [0.0, 0.0, 0.0, 0.0, 1.0, 0.5742857142857144]])\n",
      "Cost = 2261.12, Optimum Cost = 1915.6, Gap %% = 18.04%%, Routes = [[[0, 2, 5, 0], 0], [[0, 1, 5, 0], 1], [[0, 3, 5, 0], 2], [[0, 4, 5, 0], 3]], f = [[0.0, 0.0, 1.0, 0.0, 0.0, 0.29214285714285715], [0.0, 1.0, 0.0, 0.0, 0.0, 0.11571428571428578], [0.0, 0.0, 0.0, 1.0, 0.0, 0.01785714285714273], [0.0, 0.0, 0.0, 0.0, 1.0, 0.5742857142857144]]\n",
      "[0, 2, 5, 1, 3, 4]\n",
      "True\n",
      "\n",
      "5 3 [0, 14, 12.4, 0.8, 2, 10] [8.0, 8.0, 8.0, 8.0, 8.0, 8.0] [0, 1.5, 1.5, 1.5, 1.5, 1.5] [18.0, 18.0, 18.0, 18.0, 18.0, 18.0] [[0, 57, 41, 48, 21, 15], [57, 0, 19, 47, 71, 63], [41, 19, 0, 30, 52, 45], [48, 47, 30, 0, 46, 42], [21, 71, 52, 46, 0, 7], [15, 63, 45, 42, 7, 0]] [[0, 1.43, 1.03, 1.2, 0.53, 0.38], [1.43, 0, 0.48, 1.18, 1.78, 1.58], [1.03, 0.48, 0, 0.75, 1.3, 1.13], [1.2, 1.18, 0.75, 0, 1.15, 1.05], [0.53, 1.78, 1.3, 1.15, 0, 0.18], [0.38, 1.58, 1.13, 1.05, 0.18, 0]] [14.01, 14.02, 14.03] [4.54, 4.54, 4.54] [[1, 1, 1, 1, 1], [1, 1, 1, 1, 1], [1, 1, 1, 1, 1]]\n",
      "final routes = ([[[0, 3, 2, 1, 0], 0], [[0, 4, 1, 0], 1], [[0, 5, 1, 0], 2]], [[0.0, 0.05785714285714264, 1.0, 1.0, 0.0, 0.0], [0.0, 0.6542857142857147, 0.0, 0.0, 1.0, 0.0], [0.0, 0.2878571428571427, 0.0, 0.0, 0.0, 1.0]])\n",
      "Cost = 1988.52, Optimum Cost = 1253.2, Gap %% = 58.68%%, Routes = [[[0, 3, 2, 1, 0], 0], [[0, 4, 1, 0], 1], [[0, 5, 1, 0], 2]], f = [[0.0, 0.05785714285714264, 1.0, 1.0, 0.0, 0.0], [0.0, 0.6542857142857147, 0.0, 0.0, 1.0, 0.0], [0.0, 0.2878571428571427, 0.0, 0.0, 0.0, 1.0]]\n",
      "[0, 3, 2, 1, 4, 5]\n",
      "True\n",
      "\n",
      "5 2 [0, 2, 6, 6, 14, 0.44] [8.0, 8.0, 8.0, 8.0, 8.0, 8.0] [0, 1.5, 1.5, 1.5, 1.5, 1.5] [18.0, 18.0, 18.0, 18.0, 18.0, 18.0] [[0, 18, 12, 13, 74, 76], [18, 0, 10, 6, 61, 64], [12, 10, 0, 6, 62, 64], [13, 6, 6, 0, 65, 67], [74, 61, 62, 65, 0, 3], [76, 64, 64, 67, 3, 0]] [[0, 0.45, 0.3, 0.33, 1.85, 1.9], [0.45, 0, 0.25, 0.15, 1.53, 1.6], [0.3, 0.25, 0, 0.15, 1.55, 1.6], [0.33, 0.15, 0.15, 0, 1.63, 1.68], [1.85, 1.53, 1.55, 1.63, 0, 0.08], [1.9, 1.6, 1.6, 1.68, 0.08, 0]] [14.01, 16.02] [4.54, 3.13] [[1, 1, 1, 1, 1], [1, 1, 1, 1, 1]]\n",
      "final routes = ([[[0, 5, 4, 0], 0], [[0, 2, 3, 1, 4, 0], 1]], [[0.0, 0.0, 0.0, 0.0, 0.9692857142857143, 1.0], [0.0, 1.0, 1.0, 1.0, 0.030714285714285694, 0.0]])\n",
      "Cost = 1192.29, Optimum Cost = 665.2, Gap %% = 79.24%%, Routes = [[[0, 5, 4, 0], 0], [[0, 2, 3, 1, 4, 0], 1]], f = [[0.0, 0.0, 0.0, 0.0, 0.9692857142857143, 1.0], [0.0, 1.0, 1.0, 1.0, 0.030714285714285694, 0.0]]\n",
      "[0, 5, 4, 2, 3, 1]\n",
      "True\n",
      "\n",
      "6 2 [0, 2, 0.8, 2, 4, 4.88, 14] [8.0, 8.0, 8.0, 8.0, 8.0, 8.0, 8.0] [0, 1.5, 1.5, 1.5, 1.5, 1.5, 1.5] [18.0, 18.0, 18.0, 18.0, 18.0, 18.0, 18.0] [[0, 19, 27, 28, 25, 23, 131], [19, 0, 13, 14, 7, 5, 149], [27, 13, 0, 1, 7, 8, 149], [28, 14, 1, 0, 8, 9, 149], [25, 7, 7, 8, 0, 3, 151], [23, 5, 8, 9, 3, 0, 150], [131, 149, 149, 149, 151, 150, 0]] [[0, 0.48, 0.68, 0.7, 0.63, 0.58, 3.28], [0.48, 0, 0.33, 0.35, 0.18, 0.13, 3.73], [0.68, 0.33, 0, 0.03, 0.18, 0.2, 3.73], [0.7, 0.35, 0.03, 0, 0.2, 0.23, 3.73], [0.63, 0.18, 0.18, 0.2, 0, 0.08, 3.78], [0.58, 0.13, 0.2, 0.23, 0.08, 0, 3.75], [3.28, 3.73, 3.73, 3.73, 3.78, 3.75, 0]] [14.01, 16.02] [4.54, 3.13] [[1, 1, 1, 1, 1, 1], [1, 1, 1, 1, 1, 1]]\n",
      "final routes = ([[[0, 5, 4, 2, 3, 0], 0], [[0, 1, 6, 0], 1]], [[0.0, 0.0, 1.0, 1.0, 1.0, 1.0, 0.0], [0.0, 1.0, 0.0, 0.0, 0.0, 0.0, 1.0]])\n",
      "Cost = 1217.35, Optimum Cost = 1106.0, Gap %% = 10.07%%, Routes = [[[0, 5, 4, 2, 3, 0], 0], [[0, 1, 6, 0], 1]], f = [[0.0, 0.0, 1.0, 1.0, 1.0, 1.0, 0.0], [0.0, 1.0, 0.0, 0.0, 0.0, 0.0, 1.0]]\n",
      "[0, 5, 4, 2, 3, 1, 6]\n",
      "True\n",
      "\n",
      "6 4 [0, 14, 6, 6, 2, 14, 14] [8.0, 8.0, 8.0, 8.0, 8.0, 8.0, 8.0] [0, 1.5, 1.5, 1.5, 1.5, 1.5, 1.5] [18.0, 18.0, 18.0, 18.0, 18.0, 18.0, 18.0] [[0, 32, 22, 18, 24, 74, 37], [32, 0, 52, 48, 55, 103, 69], [22, 52, 0, 5, 6, 52, 17], [18, 48, 5, 0, 10, 56, 22], [24, 55, 6, 10, 0, 53, 14], [74, 103, 52, 56, 53, 0, 41], [37, 69, 17, 22, 14, 41, 0]] [[0, 0.8, 0.55, 0.45, 0.6, 1.85, 0.93], [0.8, 0, 1.3, 1.2, 1.38, 2.58, 1.73], [0.55, 1.3, 0, 0.13, 0.15, 1.3, 0.43], [0.45, 1.2, 0.13, 0, 0.25, 1.4, 0.55], [0.6, 1.38, 0.15, 0.25, 0, 1.33, 0.35], [1.85, 2.58, 1.3, 1.4, 1.33, 0, 1.03], [0.93, 1.73, 0.43, 0.55, 0.35, 1.03, 0]] [14.01, 14.02, 14.03, 16.04] [4.54, 4.54, 4.54, 3.13] [[1, 1, 1, 1, 1, 1], [1, 1, 0, 1, 1, 1], [1, 1, 0, 1, 1, 1], [1, 1, 1, 1, 1, 1]]\n",
      "final routes = ([[[0, 3, 5, 6, 0], 0], [[0, 4, 6, 0], 1], [[0, 2, 5, 0], 2], [[0, 1, 0], 3]], [[0.0, 0.0, 0.0, 1.0, 0.0, 0.4264285714285715, 0.14142857142857146], [0.0, 0.0, 0.0, 0.0, 1.0, 0.0, 0.8585714285714285], [0.0, 0.0, 1.0, 0.0, 0.0, 0.5735714285714285, 0.0], [0.0, 1.0, 0.0, 0.0, 0.0, 0.0, 0.0]])\n",
      "Cost = 1902.8200000000002, Optimum Cost = 1303.6, Gap %% = 45.97%%, Routes = [[[0, 3, 5, 6, 0], 0], [[0, 4, 6, 0], 1], [[0, 2, 5, 0], 2], [[0, 1, 0], 3]], f = [[0.0, 0.0, 0.0, 1.0, 0.0, 0.4264285714285715, 0.14142857142857146], [0.0, 0.0, 0.0, 0.0, 1.0, 0.0, 0.8585714285714285], [0.0, 0.0, 1.0, 0.0, 0.0, 0.5735714285714285, 0.0], [0.0, 1.0, 0.0, 0.0, 0.0, 0.0, 0.0]]\n",
      "[0, 3, 5, 6, 4, 2, 1]\n",
      "True\n",
      "\n",
      "6 5 [0, 13.216, 12.4, 0.8, 14, 14, 4.104] [8.0, 8.0, 8.0, 8.0, 8.0, 8.0, 8.0] [0, 1.5, 1.5, 1.5, 1.5, 1.5, 1.5] [18.0, 18.0, 18.0, 18.0, 18.0, 18.0, 18.0] [[0, 12, 41, 48, 53, 74, 33], [12, 0, 37, 37, 61, 75, 29], [41, 37, 0, 30, 52, 43, 65], [48, 37, 30, 0, 80, 72, 56], [53, 61, 52, 80, 0, 44, 85], [74, 75, 43, 72, 44, 0, 104], [33, 29, 65, 56, 85, 104, 0]] [[0, 0.3, 1.03, 1.2, 1.33, 1.85, 0.83], [0.3, 0, 0.93, 0.93, 1.53, 1.88, 0.73], [1.03, 0.93, 0, 0.75, 1.3, 1.08, 1.63], [1.2, 0.93, 0.75, 0, 2, 1.8, 1.4], [1.33, 1.53, 1.3, 2, 0, 1.1, 2.13], [1.85, 1.88, 1.08, 1.8, 1.1, 0, 2.6], [0.83, 0.73, 1.63, 1.4, 2.13, 2.6, 0]] [14.01, 14.02, 14.03, 14.04, 16.05] [4.54, 4.54, 4.54, 4.54, 3.13] [[1, 1, 1, 1, 1, 1], [1, 1, 1, 1, 1, 1], [0, 0, 0, 1, 1, 1], [1, 0, 1, 0, 1, 1], [1, 1, 1, 1, 1, 1]]\n",
      "final routes = ([[[0, 2, 5, 0], 0], [[0, 3, 5, 0], 1], [[0, 1, 0], 3], [[0, 4, 5, 0], 2], [[0, 6, 0], 4]], [[0.0, 0.0, 1.0, 0.0, 0.0, 0.11499999999999996, 0.0], [0.0, 0.0, 0.0, 1.0, 0.0, 0.8828571428571429, 0.0], [0.0, 0.0, 0.0, 0.0, 1.0, 0.002142857142857097, 0.0], [0.0, 1.0, 0.0, 0.0, 0.0, 0.0, 0.0], [0.0, 0.0, 0.0, 0.0, 0.0, 0.0, 1.0]])\n",
      "Cost = 2689.96, Optimum Cost = 1869.2, Gap %% = 43.91%%, Routes = [[[0, 2, 5, 0], 0], [[0, 3, 5, 0], 1], [[0, 1, 0], 3], [[0, 4, 5, 0], 2], [[0, 6, 0], 4]], f = [[0.0, 0.0, 1.0, 0.0, 0.0, 0.11499999999999996, 0.0], [0.0, 0.0, 0.0, 1.0, 0.0, 0.8828571428571429, 0.0], [0.0, 0.0, 0.0, 0.0, 1.0, 0.002142857142857097, 0.0], [0.0, 1.0, 0.0, 0.0, 0.0, 0.0, 0.0], [0.0, 0.0, 0.0, 0.0, 0.0, 0.0, 1.0]]\n",
      "[0, 2, 5, 3, 1, 4, 6]\n",
      "True\n",
      "\n",
      "6 3 [0, 14, 11.96, 2, 1.2, 13.9, 2] [8.0, 8.0, 8.0, 8.0, 8.0, 8.0, 8.0] [0, 1.5, 1.5, 1.5, 1.5, 1.5, 1.5] [18.0, 18.0, 18.0, 18.0, 18.0, 18.0, 18.0] [[0, 57, 19, 18, 34, 67, 38], [57, 0, 75, 74, 31, 22, 27], [19, 75, 0, 2, 50, 84, 55], [18, 74, 2, 0, 48, 82, 53], [34, 31, 50, 48, 0, 34, 5], [67, 22, 84, 82, 34, 0, 29], [38, 27, 55, 53, 5, 29, 0]] [[0, 1.43, 0.48, 0.45, 0.85, 1.68, 0.95], [1.43, 0, 1.88, 1.85, 0.78, 0.55, 0.68], [0.48, 1.88, 0, 0.05, 1.25, 2.1, 1.38], [0.45, 1.85, 0.05, 0, 1.2, 2.05, 1.33], [0.85, 0.78, 1.25, 1.2, 0, 0.85, 0.13], [1.68, 0.55, 2.1, 2.05, 0.85, 0, 0.73], [0.95, 0.68, 1.38, 1.33, 0.13, 0.73, 0]] [14.01, 14.02, 22.03] [4.54, 4.54, 2.57] [[1, 1, 1, 0, 1, 1], [1, 1, 1, 1, 1, 1], [1, 0, 1, 1, 1, 1]]\n",
      "final routes = ([[[0, 4, 5, 0], 1], [[0, 2, 1, 0], 0], [[0, 6, 3, 5, 0], 2]], [[0.0, 0.14642857142857135, 1.0, 0.0, 0.0, 0.0, 0.0], [0.0, 0.0, 0.0, 0.0, 1.0, 0.9223021582733812, 0.0], [0.0, 0.0, 0.0, 1.0, 0.0, 0.07769784172661871, 1.0]])\n",
      "Cost = 1915.2400000000002, Optimum Cost = 1041.6, Gap %% = 83.87%%, Routes = [[[0, 4, 5, 0], 1], [[0, 2, 1, 0], 0], [[0, 6, 3, 5, 0], 2]], f = [[0.0, 0.14642857142857135, 1.0, 0.0, 0.0, 0.0, 0.0], [0.0, 0.0, 0.0, 0.0, 1.0, 0.9223021582733812, 0.0], [0.0, 0.0, 0.0, 1.0, 0.0, 0.07769784172661871, 1.0]]\n",
      "[0, 4, 5, 2, 1, 6, 3]\n",
      "True\n",
      "\n",
      "6 4 [0, 6, 6, 2, 14, 14, 14] [8.0, 8.0, 8.0, 8.0, 8.0, 8.0, 8.0] [0, 1.5, 1.5, 1.5, 1.5, 1.5, 1.5] [18.0, 18.0, 18.0, 18.0, 18.0, 18.0, 18.0] [[0, 38, 36, 33, 75, 62, 40], [38, 0, 10, 6, 45, 26, 26], [36, 10, 0, 6, 41, 35, 16], [33, 6, 6, 0, 46, 32, 21], [75, 45, 41, 46, 0, 52, 36], [62, 26, 35, 32, 52, 0, 49], [40, 26, 16, 21, 36, 49, 0]] [[0, 0.95, 0.9, 0.83, 1.88, 1.55, 1], [0.95, 0, 0.25, 0.15, 1.13, 0.65, 0.65], [0.9, 0.25, 0, 0.15, 1.03, 0.88, 0.4], [0.83, 0.15, 0.15, 0, 1.15, 0.8, 0.53], [1.88, 1.13, 1.03, 1.15, 0, 1.3, 0.9], [1.55, 0.65, 0.88, 0.8, 1.3, 0, 1.23], [1, 0.65, 0.4, 0.53, 0.9, 1.23, 0]] [14.01, 14.02, 14.03, 14.04] [4.54, 4.54, 4.54, 4.54] [[1, 1, 1, 1, 1, 1], [1, 1, 1, 1, 1, 1], [1, 1, 1, 1, 1, 1], [1, 0, 1, 0, 1, 1]]\n",
      "final routes = ([[[0, 6, 2, 5, 0], 0], [[0, 4, 5, 0], 1], [[0, 3, 6, 0], 2], [[0, 1, 5, 0], 3]], [[0.0, 0.0, 1.0, 0.0, 0.0, 0.4242857142857144, 0.14785714285714274], [0.0, 0.0, 0.0, 0.0, 1.0, 0.0014285714285713982, 0.0], [0.0, 0.0, 0.0, 1.0, 0.0, 0.0, 0.8521428571428572], [0.0, 1.0, 0.0, 0.0, 0.0, 0.5742857142857142, 0.0]])\n",
      "Cost = 2551.4799999999996, Optimum Cost = 1993.2, Gap %% = 28.01%%, Routes = [[[0, 6, 2, 5, 0], 0], [[0, 4, 5, 0], 1], [[0, 3, 6, 0], 2], [[0, 1, 5, 0], 3]], f = [[0.0, 0.0, 1.0, 0.0, 0.0, 0.4242857142857144, 0.14785714285714274], [0.0, 0.0, 0.0, 0.0, 1.0, 0.0014285714285713982, 0.0], [0.0, 0.0, 0.0, 1.0, 0.0, 0.0, 0.8521428571428572], [0.0, 1.0, 0.0, 0.0, 0.0, 0.5742857142857142, 0.0]]\n",
      "[0, 6, 2, 5, 4, 3, 1]\n",
      "True\n",
      "\n",
      "6 6 [0, 14, 14, 14, 14, 14, 14] [8.0, 8.0, 8.0, 8.0, 8.0, 8.0, 8.0] [0, 1.5, 1.5, 1.5, 1.5, 1.5, 1.5] [18.0, 18.0, 18.0, 18.0, 18.0, 18.0, 18.0] [[0, 76, 75, 44, 54, 67, 93], [76, 0, 47, 71, 24, 13, 18], [75, 47, 0, 42, 54, 54, 50], [44, 71, 42, 0, 61, 69, 82], [54, 24, 54, 61, 0, 13, 42], [67, 13, 54, 69, 13, 0, 30], [93, 18, 50, 82, 42, 30, 0]] [[0, 1.9, 1.88, 1.1, 1.35, 1.68, 2.33], [1.9, 0, 1.18, 1.78, 0.6, 0.33, 0.45], [1.88, 1.18, 0, 1.05, 1.35, 1.35, 1.25], [1.1, 1.78, 1.05, 0, 1.53, 1.73, 2.05], [1.35, 0.6, 1.35, 1.53, 0, 0.33, 1.05], [1.68, 0.33, 1.35, 1.73, 0.33, 0, 0.75], [2.33, 0.45, 1.25, 2.05, 1.05, 0.75, 0]] [14.01, 14.02, 14.03, 14.04, 14.05, 16.06] [4.54, 4.54, 4.54, 4.54, 4.54, 3.13] [[1, 1, 1, 1, 1, 1], [1, 1, 1, 1, 1, 1], [1, 1, 1, 1, 1, 1], [1, 1, 1, 1, 1, 1], [1, 1, 1, 1, 1, 1], [1, 1, 1, 1, 1, 1]]\n",
      "final routes = ([[[0, 1, 0], 0], [[0, 2, 0], 1], [[0, 3, 0], 2], [[0, 4, 0], 3], [[0, 5, 0], 4], [[0, 6, 0], 5]], [[0.0, 1.0, 0.0, 0.0, 0.0, 0.0, 0.0], [0.0, 0.0, 1.0, 0.0, 0.0, 0.0, 0.0], [0.0, 0.0, 0.0, 1.0, 0.0, 0.0, 0.0], [0.0, 0.0, 0.0, 0.0, 1.0, 0.0, 0.0], [0.0, 0.0, 0.0, 0.0, 0.0, 1.0, 0.0], [0.0, 0.0, 0.0, 0.0, 0.0, 0.0, 1.0]])\n",
      "Cost = 3451.46, Optimum Cost = 3451.6, Gap %% = -0.0%%, Routes = [[[0, 1, 0], 0], [[0, 2, 0], 1], [[0, 3, 0], 2], [[0, 4, 0], 3], [[0, 5, 0], 4], [[0, 6, 0], 5]], f = [[0.0, 1.0, 0.0, 0.0, 0.0, 0.0, 0.0], [0.0, 0.0, 1.0, 0.0, 0.0, 0.0, 0.0], [0.0, 0.0, 0.0, 1.0, 0.0, 0.0, 0.0], [0.0, 0.0, 0.0, 0.0, 1.0, 0.0, 0.0], [0.0, 0.0, 0.0, 0.0, 0.0, 1.0, 0.0], [0.0, 0.0, 0.0, 0.0, 0.0, 0.0, 1.0]]\n",
      "[0, 1, 2, 3, 4, 5, 6]\n",
      "True\n",
      "\n",
      "7 6 [0, 14, 14, 14, 14, 0.44, 14, 2] [8.0, 8.0, 8.0, 8.0, 8.0, 8.0, 8.0, 8.0] [0, 1.5, 1.5, 1.5, 1.5, 1.5, 1.5, 1.5] [18.0, 18.0, 18.0, 18.0, 18.0, 18.0, 18.0, 18.0] [[0, 118, 57, 15, 74, 76, 93, 40], [118, 0, 174, 128, 86, 83, 89, 84], [57, 174, 0, 46, 116, 119, 132, 96], [15, 128, 46, 0, 75, 77, 93, 55], [74, 86, 116, 75, 0, 3, 19, 74], [76, 83, 119, 77, 3, 0, 18, 74], [93, 89, 132, 93, 19, 18, 0, 91], [40, 84, 96, 55, 74, 74, 91, 0]] [[0, 2.95, 1.43, 0.38, 1.85, 1.9, 2.33, 1], [2.95, 0, 4.35, 3.2, 2.15, 2.08, 2.23, 2.1], [1.43, 4.35, 0, 1.15, 2.9, 2.98, 3.3, 2.4], [0.38, 3.2, 1.15, 0, 1.88, 1.93, 2.33, 1.38], [1.85, 2.15, 2.9, 1.88, 0, 0.08, 0.48, 1.85], [1.9, 2.08, 2.98, 1.93, 0.08, 0, 0.45, 1.85], [2.33, 2.23, 3.3, 2.33, 0.48, 0.45, 0, 2.28], [1, 2.1, 2.4, 1.38, 1.85, 1.85, 2.28, 0]] [14.01, 14.02, 14.03, 14.04, 14.05, 22.06] [4.54, 4.54, 4.54, 4.54, 4.54, 2.57] [[1, 1, 1, 1, 1, 1, 1], [1, 1, 1, 1, 1, 1, 1], [1, 1, 1, 1, 1, 1, 1], [1, 1, 1, 1, 1, 1, 1], [1, 1, 1, 1, 1, 1, 1], [1, 1, 1, 1, 1, 1, 1]]\n",
      "final routes = ([[[0, 5, 6, 0], 0], [[0, 7, 0], 1], [[0, 1, 0], 2], [[0, 2, 0], 3], [[0, 3, 0], 4], [[0, 4, 6, 0], 5]], [[0.0, 0.0, 0.0, 0.0, 0.0, 1.0, 0.9692857142857143, 0.0], [0.0, 0.0, 0.0, 0.0, 0.0, 0.0, 0.0, 1.0], [0.0, 1.0, 0.0, 0.0, 0.0, 0.0, 0.0, 0.0], [0.0, 0.0, 1.0, 0.0, 0.0, 0.0, 0.0, 0.0], [0.0, 0.0, 0.0, 1.0, 0.0, 0.0, 0.0, 0.0], [0.0, 0.0, 0.0, 0.0, 1.0, 0.0, 0.030714285714285694, 0.0]])\n",
      "Cost = 3415.3999999999996, Optimum Cost = 2897.6, Gap %% = 17.87%%, Routes = [[[0, 5, 6, 0], 0], [[0, 7, 0], 1], [[0, 1, 0], 2], [[0, 2, 0], 3], [[0, 3, 0], 4], [[0, 4, 6, 0], 5]], f = [[0.0, 0.0, 0.0, 0.0, 0.0, 1.0, 0.9692857142857143, 0.0], [0.0, 0.0, 0.0, 0.0, 0.0, 0.0, 0.0, 1.0], [0.0, 1.0, 0.0, 0.0, 0.0, 0.0, 0.0, 0.0], [0.0, 0.0, 1.0, 0.0, 0.0, 0.0, 0.0, 0.0], [0.0, 0.0, 0.0, 1.0, 0.0, 0.0, 0.0, 0.0], [0.0, 0.0, 0.0, 0.0, 1.0, 0.0, 0.030714285714285694, 0.0]]\n",
      "[0, 5, 6, 7, 1, 2, 3, 4]\n",
      "True\n",
      "\n",
      "7 3 [0, 14, 6, 6, 2, 2, 3.2, 2] [8.0, 8.0, 8.0, 8.0, 8.0, 8.0, 8.0, 8.0] [0, 1.5, 1.5, 1.5, 1.5, 1.5, 1.5, 1.5] [18.0, 18.0, 18.0, 18.0, 18.0, 18.0, 18.0, 18.0] [[0, 35, 22, 18, 24, 60, 59, 65], [35, 0, 26, 24, 32, 73, 65, 70], [22, 26, 0, 5, 6, 49, 43, 49], [18, 24, 5, 0, 10, 53, 48, 54], [24, 32, 6, 10, 0, 43, 38, 43], [60, 73, 49, 53, 43, 0, 13, 14], [59, 65, 43, 48, 38, 13, 0, 6], [65, 70, 49, 54, 43, 14, 6, 0]] [[0, 0.88, 0.55, 0.45, 0.6, 1.5, 1.48, 1.63], [0.88, 0, 0.65, 0.6, 0.8, 1.83, 1.63, 1.75], [0.55, 0.65, 0, 0.13, 0.15, 1.23, 1.08, 1.23], [0.45, 0.6, 0.13, 0, 0.25, 1.33, 1.2, 1.35], [0.6, 0.8, 0.15, 0.25, 0, 1.08, 0.95, 1.08], [1.5, 1.83, 1.23, 1.33, 1.08, 0, 0.33, 0.35], [1.48, 1.63, 1.08, 1.2, 0.95, 0.33, 0, 0.15], [1.63, 1.75, 1.23, 1.35, 1.08, 0.35, 0.15, 0]] [14.01, 14.02, 16.03] [4.54, 4.54, 3.13] [[1, 1, 1, 1, 1, 1, 1], [1, 1, 1, 0, 1, 1, 0], [1, 1, 1, 1, 1, 1, 1]]\n",
      "final routes = ([[[0, 4, 2, 3, 1, 0], 0], [[0, 1, 7, 6, 0], 2], [[0, 5, 1, 0], 1]], [[0.0, 0.0007142857142856991, 1.0, 1.0, 1.0, 0.0, 0.0, 0.0], [0.0, 0.2257142857142856, 0.0, 0.0, 0.0, 1.0, 0.0, 0.0], [0.0, 0.7735714285714287, 0.0, 0.0, 0.0, 0.0, 1.0, 1.0]])\n",
      "Cost = 1721.58, Optimum Cost = 938.4, Gap %% = 83.46%%, Routes = [[[0, 4, 2, 3, 1, 0], 0], [[0, 1, 7, 6, 0], 2], [[0, 5, 1, 0], 1]], f = [[0.0, 0.0007142857142856991, 1.0, 1.0, 1.0, 0.0, 0.0, 0.0], [0.0, 0.2257142857142856, 0.0, 0.0, 0.0, 1.0, 0.0, 0.0], [0.0, 0.7735714285714287, 0.0, 0.0, 0.0, 0.0, 1.0, 1.0]]\n",
      "[0, 4, 2, 3, 1, 7, 6, 5]\n",
      "True\n",
      "\n",
      "7 4 [0, 14, 12.184, 0.208, 10, 2, 2, 6.78] [8.0, 8.0, 8.0, 8.0, 8.0, 8.0, 8.0, 8.0] [0, 1.5, 1.5, 1.5, 1.5, 1.5, 1.5, 1.5] [18.0, 18.0, 18.0, 18.0, 18.0, 18.0, 18.0, 18.0] [[0, 63, 13, 8, 70, 74, 54, 57], [63, 0, 64, 59, 80, 84, 111, 116], [13, 64, 0, 7, 57, 61, 47, 52], [8, 59, 7, 0, 62, 66, 53, 58], [70, 80, 57, 62, 0, 4, 73, 79], [74, 84, 61, 66, 4, 0, 75, 80], [54, 111, 47, 53, 73, 75, 0, 6], [57, 116, 52, 58, 79, 80, 6, 0]] [[0, 1.58, 0.33, 0.2, 1.75, 1.85, 1.35, 1.43], [1.58, 0, 1.6, 1.48, 2, 2.1, 2.78, 2.9], [0.33, 1.6, 0, 0.18, 1.43, 1.53, 1.18, 1.3], [0.2, 1.48, 0.18, 0, 1.55, 1.65, 1.33, 1.45], [1.75, 2, 1.43, 1.55, 0, 0.1, 1.83, 1.98], [1.85, 2.1, 1.53, 1.65, 0.1, 0, 1.88, 2], [1.35, 2.78, 1.18, 1.33, 1.83, 1.88, 0, 0.15], [1.43, 2.9, 1.3, 1.45, 1.98, 2, 0.15, 0]] [14.01, 14.02, 14.03, 14.04] [4.54, 4.54, 4.54, 4.54] [[1, 1, 1, 1, 1, 1, 1], [1, 1, 1, 0, 1, 1, 0], [1, 1, 1, 1, 1, 1, 1], [1, 1, 1, 1, 1, 1, 1]]\n",
      "final routes = ([[[0, 7, 6, 2, 0], 0], [[0, 4, 1, 0], 2], [[0, 3, 2, 0], 1], [[0, 2, 5, 1, 0], 3]], [[0.0, 0.0, 0.4292514773473407, 0.0, 0.0, 0.0, 1.0, 1.0], [0.0, 0.0, 0.40085357846355896, 1.0, 0.0, 0.0, 0.0, 0.0], [0.0, 0.2878571428571428, 0.0, 0.0, 1.0, 0.0, 0.0, 0.0], [0.0, 0.7121428571428572, 0.16989494418910034, 0.0, 0.0, 1.0, 0.0, 0.0]])\n",
      "Cost = 2655.9, Optimum Cost = 1893.2, Gap %% = 40.29%%, Routes = [[[0, 7, 6, 2, 0], 0], [[0, 4, 1, 0], 2], [[0, 3, 2, 0], 1], [[0, 2, 5, 1, 0], 3]], f = [[0.0, 0.0, 0.4292514773473407, 0.0, 0.0, 0.0, 1.0, 1.0], [0.0, 0.0, 0.40085357846355896, 1.0, 0.0, 0.0, 0.0, 0.0], [0.0, 0.2878571428571428, 0.0, 0.0, 1.0, 0.0, 0.0, 0.0], [0.0, 0.7121428571428572, 0.16989494418910034, 0.0, 0.0, 1.0, 0.0, 0.0]]\n",
      "[0, 7, 6, 2, 4, 1, 3, 5]\n",
      "True\n",
      "\n",
      "7 6 [0, 14, 13.664, 14, 14, 14, 0.4, 2] [8.0, 8.0, 8.0, 8.0, 8.0, 8.0, 8.0, 8.0] [0, 1.5, 1.5, 1.5, 1.5, 1.5, 1.5, 1.5] [18.0, 18.0, 18.0, 18.0, 18.0, 18.0, 18.0, 18.0] [[0, 39, 20, 39, 40, 14, 11, 62], [39, 0, 58, 0, 35, 36, 39, 80], [20, 58, 0, 58, 58, 26, 21, 55], [39, 0, 58, 0, 35, 36, 39, 80], [40, 35, 58, 35, 0, 49, 48, 100], [14, 36, 26, 36, 49, 0, 5, 52], [11, 39, 21, 39, 48, 5, 0, 52], [62, 80, 55, 80, 100, 52, 52, 0]] [[0, 0.98, 0.5, 0.98, 1, 0.35, 0.28, 1.55], [0.98, 0, 1.45, 0, 0.88, 0.9, 0.98, 2], [0.5, 1.45, 0, 1.45, 1.45, 0.65, 0.53, 1.38], [0.98, 0, 1.45, 0, 0.88, 0.9, 0.98, 2], [1, 0.88, 1.45, 0.88, 0, 1.23, 1.2, 2.5], [0.35, 0.9, 0.65, 0.9, 1.23, 0, 0.13, 1.3], [0.28, 0.98, 0.53, 0.98, 1.2, 0.13, 0, 1.3], [1.55, 2, 1.38, 2, 2.5, 1.3, 1.3, 0]] [14.01, 14.02, 14.03, 14.04, 14.05, 14.06] [4.54, 4.54, 4.54, 4.54, 4.54, 4.54] [[1, 1, 1, 1, 1, 1, 1], [1, 1, 1, 1, 1, 1, 1], [1, 1, 1, 1, 1, 1, 1], [1, 1, 1, 1, 1, 1, 1], [1, 1, 1, 1, 1, 1, 1], [1, 1, 1, 1, 1, 1, 1]]\n",
      "final routes = ([[[0, 6, 5, 0], 0], [[0, 7, 5, 0], 1], [[0, 2, 0], 2], [[0, 1, 0], 3], [[0, 3, 0], 4], [[0, 4, 0], 5]], [[0.0, 0.0, 0.0, 0.0, 0.0, 0.14142857142857146, 1.0, 0.0], [0.0, 0.0, 0.0, 0.0, 0.0, 0.8585714285714285, 0.0, 1.0], [0.0, 0.0, 1.0, 0.0, 0.0, 0.0, 0.0, 0.0], [0.0, 1.0, 0.0, 0.0, 0.0, 0.0, 0.0, 0.0], [0.0, 0.0, 0.0, 1.0, 0.0, 0.0, 0.0, 0.0], [0.0, 0.0, 0.0, 0.0, 1.0, 0.0, 0.0, 0.0]])\n",
      "Cost = 1970.3599999999994, Optimum Cost = 1947.6, Gap %% = 1.17%%, Routes = [[[0, 6, 5, 0], 0], [[0, 7, 5, 0], 1], [[0, 2, 0], 2], [[0, 1, 0], 3], [[0, 3, 0], 4], [[0, 4, 0], 5]], f = [[0.0, 0.0, 0.0, 0.0, 0.0, 0.14142857142857146, 1.0, 0.0], [0.0, 0.0, 0.0, 0.0, 0.0, 0.8585714285714285, 0.0, 1.0], [0.0, 0.0, 1.0, 0.0, 0.0, 0.0, 0.0, 0.0], [0.0, 1.0, 0.0, 0.0, 0.0, 0.0, 0.0, 0.0], [0.0, 0.0, 0.0, 1.0, 0.0, 0.0, 0.0, 0.0], [0.0, 0.0, 0.0, 0.0, 1.0, 0.0, 0.0, 0.0]]\n",
      "[0, 6, 5, 7, 2, 1, 3, 4]\n",
      "True\n",
      "\n",
      "7 5 [0, 11.96, 2, 2.04, 3.12, 14, 14, 4.104] [8.0, 8.0, 8.0, 8.0, 8.0, 8.0, 8.0, 8.0] [0, 1.5, 1.5, 1.5, 1.5, 1.5, 1.5, 1.5] [18.0, 18.0, 18.0, 18.0, 18.0, 18.0, 18.0, 18.0] [[0, 19, 18, 72, 76, 76, 34, 33], [19, 0, 2, 79, 85, 96, 52, 19], [18, 2, 0, 77, 83, 94, 51, 18], [72, 79, 77, 0, 6, 92, 83, 72], [76, 85, 83, 6, 0, 92, 86, 78], [76, 96, 94, 92, 92, 0, 46, 107], [34, 52, 51, 83, 86, 46, 0, 67], [33, 19, 18, 72, 78, 107, 67, 0]] [[0, 0.48, 0.45, 1.8, 1.9, 1.9, 0.85, 0.83], [0.48, 0, 0.05, 1.98, 2.13, 2.4, 1.3, 0.48], [0.45, 0.05, 0, 1.93, 2.08, 2.35, 1.28, 0.45], [1.8, 1.98, 1.93, 0, 0.15, 2.3, 2.08, 1.8], [1.9, 2.13, 2.08, 0.15, 0, 2.3, 2.15, 1.95], [1.9, 2.4, 2.35, 2.3, 2.3, 0, 1.15, 2.68], [0.85, 1.3, 1.28, 2.08, 2.15, 1.15, 0, 1.68], [0.83, 0.48, 0.45, 1.8, 1.95, 2.68, 1.68, 0]] [14.01, 14.02, 14.03, 14.04, 22.05] [4.54, 4.54, 4.54, 4.54, 2.57] [[1, 1, 1, 1, 1, 1, 1], [1, 0, 1, 1, 1, 1, 1], [1, 1, 1, 1, 1, 1, 1], [1, 1, 1, 1, 1, 1, 1], [1, 1, 1, 1, 1, 1, 1]]\n",
      "final routes = ([[[0, 2, 0], 0], [[0, 3, 5, 6, 0], 1], [[0, 4, 5, 0], 2], [[0, 7, 0], 3], [[0, 1, 6, 0], 4]], [[0.0, 0.0, 1.0, 0.0, 0.0, 0.0, 0.0, 0.0], [0.0, 0.0, 0.0, 1.0, 0.0, 0.22071428571428583, 0.6349999999999998, 0.0], [0.0, 0.0, 0.0, 0.0, 1.0, 0.7792857142857141, 0.0, 0.0], [0.0, 0.0, 0.0, 0.0, 0.0, 0.0, 0.0, 1.0], [0.0, 1.0, 0.0, 0.0, 0.0, 0.0, 0.3650000000000002, 0.0]])\n",
      "Cost = 2948.4500000000003, Optimum Cost = 1417.6, Gap %% = 107.99%%, Routes = [[[0, 2, 0], 0], [[0, 3, 5, 6, 0], 1], [[0, 4, 5, 0], 2], [[0, 7, 0], 3], [[0, 1, 6, 0], 4]], f = [[0.0, 0.0, 1.0, 0.0, 0.0, 0.0, 0.0, 0.0], [0.0, 0.0, 0.0, 1.0, 0.0, 0.22071428571428583, 0.6349999999999998, 0.0], [0.0, 0.0, 0.0, 0.0, 1.0, 0.7792857142857141, 0.0, 0.0], [0.0, 0.0, 0.0, 0.0, 0.0, 0.0, 0.0, 1.0], [0.0, 1.0, 0.0, 0.0, 0.0, 0.0, 0.3650000000000002, 0.0]]\n",
      "[0, 2, 3, 5, 6, 4, 7, 1]\n",
      "True\n",
      "\n",
      "7 6 [0, 14, 11.96, 2, 14, 14, 14, 4.104] [8.0, 8.0, 8.0, 8.0, 8.0, 8.0, 8.0, 8.0] [0, 1.5, 1.5, 1.5, 1.5, 1.5, 1.5, 1.5] [18.0, 18.0, 18.0, 18.0, 18.0, 18.0, 18.0, 18.0] [[0, 63, 19, 18, 11, 76, 34, 33], [63, 0, 80, 78, 56, 44, 52, 84], [19, 80, 0, 2, 24, 96, 52, 19], [18, 78, 2, 0, 22, 94, 51, 18], [11, 56, 24, 22, 0, 75, 37, 31], [76, 44, 96, 94, 75, 0, 46, 107], [34, 52, 52, 51, 37, 46, 0, 67], [33, 84, 19, 18, 31, 107, 67, 0]] [[0, 1.58, 0.48, 0.45, 0.28, 1.9, 0.85, 0.83], [1.58, 0, 2, 1.95, 1.4, 1.1, 1.3, 2.1], [0.48, 2, 0, 0.05, 0.6, 2.4, 1.3, 0.48], [0.45, 1.95, 0.05, 0, 0.55, 2.35, 1.28, 0.45], [0.28, 1.4, 0.6, 0.55, 0, 1.88, 0.93, 0.78], [1.9, 1.1, 2.4, 2.35, 1.88, 0, 1.15, 2.68], [0.85, 1.3, 1.3, 1.28, 0.93, 1.15, 0, 1.68], [0.83, 2.1, 0.48, 0.45, 0.78, 2.68, 1.68, 0]] [14.01, 14.02, 14.03, 14.04, 16.05, 16.06] [4.54, 4.54, 4.54, 4.54, 3.13, 3.13] [[1, 1, 1, 1, 1, 1, 1], [1, 1, 1, 1, 1, 1, 1], [1, 1, 1, 1, 1, 1, 1], [1, 1, 1, 1, 1, 1, 1], [1, 1, 1, 1, 1, 1, 1], [1, 1, 1, 1, 1, 1, 1]]\n",
      "final routes = ([[[0, 3, 6, 0], 0], [[0, 7, 0], 1], [[0, 2, 6, 0], 2], [[0, 1, 6, 0], 3], [[0, 4, 6, 0], 4], [[0, 5, 6, 0], 5]], [[0.0, 0.0, 0.0, 1.0, 0.0, 0.0, 0.5557142857142859, 0.0], [0.0, 0.0, 0.0, 0.0, 0.0, 0.0, 0.0, 1.0], [0.0, 0.0, 1.0, 0.0, 0.0, 0.0, 0.14785714285714274, 0.0], [0.0, 1.0, 0.0, 0.0, 0.0, 0.0, 0.0028571428571427964, 0.0], [0.0, 0.0, 0.0, 0.0, 1.0, 0.0, 0.1464285714285715, 0.0], [0.0, 0.0, 0.0, 0.0, 0.0, 1.0, 0.14714285714285705, 0.0]])\n",
      "Cost = 2665.3600000000006, Optimum Cost = 1755.6, Gap %% = 51.82%%, Routes = [[[0, 3, 6, 0], 0], [[0, 7, 0], 1], [[0, 2, 6, 0], 2], [[0, 1, 6, 0], 3], [[0, 4, 6, 0], 4], [[0, 5, 6, 0], 5]], f = [[0.0, 0.0, 0.0, 1.0, 0.0, 0.0, 0.5557142857142859, 0.0], [0.0, 0.0, 0.0, 0.0, 0.0, 0.0, 0.0, 1.0], [0.0, 0.0, 1.0, 0.0, 0.0, 0.0, 0.14785714285714274, 0.0], [0.0, 1.0, 0.0, 0.0, 0.0, 0.0, 0.0028571428571427964, 0.0], [0.0, 0.0, 0.0, 0.0, 1.0, 0.0, 0.1464285714285715, 0.0], [0.0, 0.0, 0.0, 0.0, 0.0, 1.0, 0.14714285714285705, 0.0]]\n",
      "[0, 3, 6, 7, 2, 1, 4, 5]\n",
      "True\n",
      "\n",
      "7 3 [0, 1, 2, 4, 2, 4, 8, 14] [8.0, 8.0, 8.0, 8.0, 8.0, 8.0, 8.0, 8.0] [0, 1.5, 1.5, 1.5, 1.5, 1.5, 1.5, 1.5] [18.0, 18.0, 18.0, 18.0, 18.0, 18.0, 18.0, 18.0] [[0, 11, 9, 15, 73, 74, 77, 40], [11, 0, 10, 6, 72, 69, 75, 36], [9, 10, 0, 10, 65, 65, 69, 31], [15, 6, 10, 0, 67, 63, 70, 31], [73, 72, 65, 67, 0, 23, 4, 35], [74, 69, 65, 63, 23, 0, 22, 35], [77, 75, 69, 70, 4, 22, 0, 39], [40, 36, 31, 31, 35, 35, 39, 0]] [[0, 0.28, 0.23, 0.38, 1.83, 1.85, 1.93, 1], [0.28, 0, 0.25, 0.15, 1.8, 1.73, 1.88, 0.9], [0.23, 0.25, 0, 0.25, 1.63, 1.63, 1.73, 0.78], [0.38, 0.15, 0.25, 0, 1.68, 1.58, 1.75, 0.78], [1.83, 1.8, 1.63, 1.68, 0, 0.58, 0.1, 0.88], [1.85, 1.73, 1.63, 1.58, 0.58, 0, 0.55, 0.88], [1.93, 1.88, 1.73, 1.75, 0.1, 0.55, 0, 0.98], [1, 0.9, 0.78, 0.78, 0.88, 0.88, 0.98, 0]] [14.01, 14.02, 14.03] [4.54, 4.54, 4.54] [[1, 1, 1, 1, 1, 1, 1], [1, 1, 1, 1, 1, 1, 1], [1, 1, 1, 1, 1, 1, 1]]\n",
      "final routes = ([[[0, 1, 3, 7, 0], 0], [[0, 2, 7, 0], 1], [[0, 4, 6, 5, 7, 0], 2]], [[0.0, 1.0, 0.0, 1.0, 0.0, 0.0, 0.0, 0.6435714285714287], [0.0, 0.0, 1.0, 0.0, 0.0, 0.0, 0.0, 0.3542857142857142], [0.0, 0.0, 0.0, 0.0, 1.0, 1.0, 1.0, 0.002142857142857097]])\n",
      "Cost = 1552.6800000000003, Optimum Cost = 1312.0, Gap %% = 18.34%%, Routes = [[[0, 1, 3, 7, 0], 0], [[0, 2, 7, 0], 1], [[0, 4, 6, 5, 7, 0], 2]], f = [[0.0, 1.0, 0.0, 1.0, 0.0, 0.0, 0.0, 0.6435714285714287], [0.0, 0.0, 1.0, 0.0, 0.0, 0.0, 0.0, 0.3542857142857142], [0.0, 0.0, 0.0, 0.0, 1.0, 1.0, 1.0, 0.002142857142857097]]\n",
      "[0, 1, 3, 7, 2, 4, 6, 5]\n",
      "True\n",
      "\n",
      "8 2 [0, 6, 4, 2, 2, 1, 4.8, 6, 2] [8.0, 8.0, 8.0, 8.0, 8.0, 8.0, 8.0, 8.0, 8.0] [0, 1.5, 1.5, 1.5, 1.5, 1.5, 1.5, 1.5, 1.5] [18.0, 18.0, 18.0, 18.0, 18.0, 18.0, 18.0, 18.0, 18.0] [[0, 13, 14, 17, 19, 33, 20, 30, 19], [13, 0, 5, 4, 6, 45, 33, 39, 32], [14, 5, 0, 4, 7, 47, 34, 42, 33], [17, 4, 4, 0, 3, 49, 37, 43, 36], [19, 6, 7, 3, 0, 51, 39, 44, 38], [33, 45, 47, 49, 51, 0, 17, 21, 17], [20, 33, 34, 37, 39, 17, 0, 28, 1], [30, 39, 42, 43, 44, 21, 28, 0, 27], [19, 32, 33, 36, 38, 17, 1, 27, 0]] [[0, 0.33, 0.35, 0.43, 0.48, 0.83, 0.5, 0.75, 0.48], [0.33, 0, 0.13, 0.1, 0.15, 1.13, 0.83, 0.98, 0.8], [0.35, 0.13, 0, 0.1, 0.18, 1.18, 0.85, 1.05, 0.83], [0.43, 0.1, 0.1, 0, 0.08, 1.23, 0.93, 1.08, 0.9], [0.48, 0.15, 0.18, 0.08, 0, 1.28, 0.98, 1.1, 0.95], [0.83, 1.13, 1.18, 1.23, 1.28, 0, 0.43, 0.53, 0.43], [0.5, 0.83, 0.85, 0.93, 0.98, 0.43, 0, 0.7, 0.03], [0.75, 0.98, 1.05, 1.08, 1.1, 0.53, 0.7, 0, 0.68], [0.48, 0.8, 0.83, 0.9, 0.95, 0.43, 0.03, 0.68, 0]] [14.01, 14.02] [4.54, 4.54] [[1, 1, 1, 1, 1, 1, 1, 1], [1, 1, 1, 1, 1, 1, 1, 1]]\n",
      "final routes = ([[[0, 8, 6, 5, 7, 0], 0], [[0, 2, 3, 4, 1, 0], 1]], [[0.0, 0.0, 0.0, 0.0, 0.0, 1.0, 1.0, 1.0, 1.0], [0.0, 1.0, 1.0, 1.0, 1.0, 0.0, 0.0, 0.0, 0.0]])\n",
      "Cost = 581.12, Optimum Cost = 581.2, Gap %% = -0.01%%, Routes = [[[0, 8, 6, 5, 7, 0], 0], [[0, 2, 3, 4, 1, 0], 1]], f = [[0.0, 0.0, 0.0, 0.0, 0.0, 1.0, 1.0, 1.0, 1.0], [0.0, 1.0, 1.0, 1.0, 1.0, 0.0, 0.0, 0.0, 0.0]]\n",
      "[0, 8, 6, 5, 7, 2, 3, 4, 1]\n",
      "True\n",
      "\n",
      "8 4 [0, 13.78, 2, 2, 2, 2, 2, 2, 13.82] [8.0, 8.0, 8.0, 8.0, 8.0, 8.0, 8.0, 8.0, 8.0] [0, 1.5, 1.5, 1.5, 1.5, 1.5, 1.5, 1.5, 1.5] [18.0, 18.0, 18.0, 18.0, 18.0, 18.0, 18.0, 18.0, 18.0] [[0, 82, 35, 23, 39, 76, 57, 72, 119], [82, 0, 96, 102, 108, 134, 122, 131, 93], [35, 96, 0, 25, 13, 42, 26, 38, 100], [23, 102, 25, 0, 21, 57, 37, 54, 123], [39, 108, 13, 21, 0, 37, 17, 33, 112], [76, 134, 42, 57, 37, 0, 20, 4, 111], [57, 122, 26, 37, 17, 20, 0, 17, 113], [72, 131, 38, 54, 33, 4, 17, 0, 109], [119, 93, 100, 123, 112, 111, 113, 109, 0]] [[0, 2.05, 0.88, 0.58, 0.98, 1.9, 1.43, 1.8, 2.98], [2.05, 0, 2.4, 2.55, 2.7, 3.35, 3.05, 3.28, 2.33], [0.88, 2.4, 0, 0.63, 0.33, 1.05, 0.65, 0.95, 2.5], [0.58, 2.55, 0.63, 0, 0.53, 1.43, 0.93, 1.35, 3.08], [0.98, 2.7, 0.33, 0.53, 0, 0.93, 0.43, 0.83, 2.8], [1.9, 3.35, 1.05, 1.43, 0.93, 0, 0.5, 0.1, 2.78], [1.43, 3.05, 0.65, 0.93, 0.43, 0.5, 0, 0.43, 2.83], [1.8, 3.28, 0.95, 1.35, 0.83, 0.1, 0.43, 0, 2.73], [2.98, 2.33, 2.5, 3.08, 2.8, 2.78, 2.83, 2.73, 0]] [14.01, 14.02, 14.03, 14.04] [4.54, 4.54, 4.54, 4.54] [[1, 1, 1, 1, 1, 1, 1, 1], [1, 1, 1, 1, 1, 1, 1, 1], [1, 1, 1, 1, 1, 1, 1, 1], [1, 1, 1, 1, 1, 1, 1, 1]]\n",
      "final routes = ([[[0, 2, 8, 0], 0], [[0, 3, 1, 0], 1], [[0, 4, 8, 0], 2], [[0, 6, 5, 7, 0], 3]], [[0.0, 0.0, 1.0, 0.0, 0.0, 0.0, 0.0, 0.0, 0.8690303907380608], [0.0, 0.872278664731495, 0.0, 1.0, 0.0, 0.0, 0.0, 0.0, 0.0], [0.0, 0.0, 0.0, 0.0, 1.0, 0.0, 0.0, 0.0, 0.13096960926193926], [0.0, 0.0, 0.0, 0.0, 0.0, 1.0, 1.0, 1.0, 0.0]])\n",
      "Cost = 4013.36, Optimum Cost = 2764.8, Gap %% = 45.16%%, Routes = [[[0, 2, 8, 0], 0], [[0, 3, 1, 0], 1], [[0, 4, 8, 0], 2], [[0, 6, 5, 7, 0], 3]], f = [[0.0, 0.0, 1.0, 0.0, 0.0, 0.0, 0.0, 0.0, 0.8690303907380608], [0.0, 0.872278664731495, 0.0, 1.0, 0.0, 0.0, 0.0, 0.0, 0.0], [0.0, 0.0, 0.0, 0.0, 1.0, 0.0, 0.0, 0.0, 0.13096960926193926], [0.0, 0.0, 0.0, 0.0, 0.0, 1.0, 1.0, 1.0, 0.0]]\n",
      "[0, 2, 8, 3, 1, 4, 6, 5, 7]\n",
      "True\n",
      "\n",
      "8 4 [0, 2, 6, 6, 14, 14, 0.4, 0.8, 2] [8.0, 8.0, 8.0, 8.0, 8.0, 8.0, 8.0, 8.0, 8.0] [0, 1.5, 1.5, 1.5, 1.5, 1.5, 1.5, 1.5, 1.5] [18.0, 18.0, 18.0, 18.0, 18.0, 18.0, 18.0, 18.0, 18.0] [[0, 18, 12, 13, 24, 55, 60, 97, 97], [18, 0, 10, 6, 12, 47, 51, 96, 95], [12, 10, 0, 6, 12, 45, 49, 91, 90], [13, 6, 6, 0, 14, 49, 53, 96, 95], [24, 12, 12, 14, 0, 35, 40, 85, 85], [55, 47, 45, 49, 35, 0, 5, 54, 54], [60, 51, 49, 53, 40, 5, 0, 50, 50], [97, 96, 91, 96, 85, 54, 50, 0, 1], [97, 95, 90, 95, 85, 54, 50, 1, 0]] [[0, 0.45, 0.3, 0.33, 0.6, 1.38, 1.5, 2.43, 2.43], [0.45, 0, 0.25, 0.15, 0.3, 1.18, 1.28, 2.4, 2.38], [0.3, 0.25, 0, 0.15, 0.3, 1.13, 1.23, 2.28, 2.25], [0.33, 0.15, 0.15, 0, 0.35, 1.23, 1.33, 2.4, 2.38], [0.6, 0.3, 0.3, 0.35, 0, 0.88, 1, 2.13, 2.13], [1.38, 1.18, 1.13, 1.23, 0.88, 0, 0.13, 1.35, 1.35], [1.5, 1.28, 1.23, 1.33, 1, 0.13, 0, 1.25, 1.25], [2.43, 2.4, 2.28, 2.4, 2.13, 1.35, 1.25, 0, 0.03], [2.43, 2.38, 2.25, 2.38, 2.13, 1.35, 1.25, 0.03, 0]] [14.01, 14.02, 14.03, 22.04] [4.54, 4.54, 4.54, 2.57] [[0, 1, 1, 1, 1, 1, 1, 1], [1, 1, 1, 1, 1, 1, 1, 1], [1, 1, 1, 0, 1, 1, 1, 1], [1, 1, 1, 1, 1, 1, 1, 1]]\n",
      "final routes = ([[[0, 2, 1, 3, 0], 1], [[0, 4, 2, 0], 0], [[0, 6, 5, 0], 2], [[0, 5, 7, 8, 0], 3]], [[0.0, 0.0, 0.0016666666666666312, 0.0, 1.0, 0.0, 0.0, 0.0, 0.0], [0.0, 1.0, 0.9983333333333334, 1.0, 0.0, 0.0, 0.0, 0.0, 0.0], [0.0, 0.0, 0.0, 0.0, 0.0, 0.9735714285714285, 1.0, 0.0, 0.0], [0.0, 0.0, 0.0, 0.0, 0.0, 0.0264285714285715, 0.0, 1.0, 1.0]])\n",
      "Cost = 1480.85, Optimum Cost = 938.8, Gap %% = 57.74%%, Routes = [[[0, 2, 1, 3, 0], 1], [[0, 4, 2, 0], 0], [[0, 6, 5, 0], 2], [[0, 5, 7, 8, 0], 3]], f = [[0.0, 0.0, 0.0016666666666666312, 0.0, 1.0, 0.0, 0.0, 0.0, 0.0], [0.0, 1.0, 0.9983333333333334, 1.0, 0.0, 0.0, 0.0, 0.0, 0.0], [0.0, 0.0, 0.0, 0.0, 0.0, 0.9735714285714285, 1.0, 0.0, 0.0], [0.0, 0.0, 0.0, 0.0, 0.0, 0.0264285714285715, 0.0, 1.0, 1.0]]\n",
      "[0, 2, 1, 3, 4, 6, 5, 7, 8]\n",
      "True\n",
      "\n",
      "8 2 [0, 14, 0.44, 4, 2, 2, 2, 2, 2] [8.0, 8.0, 8.0, 8.0, 8.0, 8.0, 8.0, 8.0, 8.0] [0, 1.5, 1.5, 1.5, 1.5, 1.5, 1.5, 1.5, 1.5] [18.0, 18.0, 18.0, 18.0, 18.0, 18.0, 18.0, 18.0, 18.0] [[0, 74, 76, 12, 22, 32, 20, 10, 18], [74, 0, 3, 79, 92, 104, 91, 81, 89], [76, 3, 0, 81, 94, 107, 93, 83, 91], [12, 79, 81, 0, 13, 26, 12, 5, 10], [22, 92, 94, 13, 0, 14, 4, 12, 4], [32, 104, 107, 26, 14, 0, 13, 24, 15], [20, 91, 93, 12, 4, 13, 0, 11, 2], [10, 81, 83, 5, 12, 24, 11, 0, 9], [18, 89, 91, 10, 4, 15, 2, 9, 0]] [[0, 1.85, 1.9, 0.3, 0.55, 0.8, 0.5, 0.25, 0.45], [1.85, 0, 0.08, 1.98, 2.3, 2.6, 2.28, 2.03, 2.23], [1.9, 0.08, 0, 2.03, 2.35, 2.68, 2.33, 2.08, 2.28], [0.3, 1.98, 2.03, 0, 0.33, 0.65, 0.3, 0.13, 0.25], [0.55, 2.3, 2.35, 0.33, 0, 0.35, 0.1, 0.3, 0.1], [0.8, 2.6, 2.68, 0.65, 0.35, 0, 0.33, 0.6, 0.38], [0.5, 2.28, 2.33, 0.3, 0.1, 0.33, 0, 0.28, 0.05], [0.25, 2.03, 2.08, 0.13, 0.3, 0.6, 0.28, 0, 0.23], [0.45, 2.23, 2.28, 0.25, 0.1, 0.38, 0.05, 0.23, 0]] [16.01, 16.02] [3.13, 3.13] [[1, 1, 1, 1, 1, 1, 1, 1], [1, 1, 1, 1, 1, 1, 1, 1]]\n",
      "final routes = ([[[0, 2, 1, 7, 0], 0], [[0, 8, 4, 5, 6, 3, 0], 1]], [[0.0, 1.0, 1.0, 0.0, 0.0, 0.0, 0.0, 0.7850000000000019, 0.0], [0.0, 0.0, 0.0, 1.0, 1.0, 1.0, 1.0, 0.0, 1.0]])\n",
      "Cost = 760.5899999999999, Optimum Cost = 707.2, Gap %% = 7.55%%, Routes = [[[0, 2, 1, 7, 0], 0], [[0, 8, 4, 5, 6, 3, 0], 1]], f = [[0.0, 1.0, 1.0, 0.0, 0.0, 0.0, 0.0, 0.7850000000000019, 0.0], [0.0, 0.0, 0.0, 1.0, 1.0, 1.0, 1.0, 0.0, 1.0]]\n",
      "[0, 2, 1, 7, 8, 4, 5, 6, 3]\n",
      "True\n",
      "\n",
